Overall summary of ATT's based on event-study/dynamic aggregation:  
    ATT    Std. Error     [ 95%  Conf. Int.]  
 0.1234          0.04      0.045      0.2018 *


Dynamic Effects:
 Event time Estimate Std. Error [95% Pointwise  Conf. Band]  
        -66  -0.1629     0.0297         -0.2211     -0.1048 *
        -65  -0.0826     0.0430         -0.1669      0.0017  
        -64  -0.1328     0.0549         -0.2405     -0.0252 *
        -63  -0.0143     0.1378         -0.2843      0.2557  
        -62  -0.1995     0.2564         -0.7021      0.3031  
        -61  -0.3575     0.3254         -0.9954      0.2803  
        -60   0.4683     0.3282         -0.1748      1.1115  
        -59  -0.1004     0.2124         -0.5166      0.3159  
        -58   0.2133     0.1639         -0.1079      0.5344  
        -57  -0.0887     0.1251         -0.3340      0.1566  
        -56   0.1701     0.0965         -0.0191      0.3593  
        -55  -0.1546     0.1361         -0.4213      0.1122  
        -54  -0.0678     0.1492         -0.3602      0.2245  
        -53  -0.0940     0.1220         -0.3331      0.1450  
        -52   0.1208     0.1422         -0.1578      0.3994  
        -51   0.4702     0.2482         -0.0163      0.9568  
        -50  -0.4765     0.2842         -1.0334      0.0804  
        -49  -0.1169     0.2196         -0.5473      0.3135  
        -48  -0.1286     0.0891         -0.3033      0.0461  
        -47   0.2731     0.0812          0.1140      0.4322 *
        -46  -0.0358     0.2120         -0.4514      0.3798  
        -45  -0.0950     0.3397         -0.7608      0.5708  
        -44  -0.3668     0.5612         -1.4668      0.7332  
        -43  -0.3479     0.8693         -2.0516      1.3559  
        -42   0.7800     0.8836         -0.9518      2.5117  
        -41   0.0093     0.2046         -0.3916      0.4102  
        -40  -0.0981     0.2035         -0.4969      0.3006  
        -39   0.1074     0.1129         -0.1139      0.3287  
        -38   0.0974     0.2592         -0.4106      0.6054  
        -37   0.1253     0.2976         -0.4580      0.7086  
        -36   0.3163     0.3137         -0.2986      0.9311  
        -35  -0.1697     0.2457         -0.6513      0.3119  
        -34  -0.1038     0.1143         -0.3278      0.1203  
        -33   0.0620     0.1497         -0.2314      0.3555  
        -32  -0.1998     0.1951         -0.5823      0.1826  
        -31   0.3652     0.1487          0.0737      0.6566 *
        -30   0.1831     0.0916          0.0036      0.3625 *
        -29  -0.3214     0.1343         -0.5846     -0.0583 *
        -28  -0.2551     0.1379         -0.5254      0.0152  
        -27   0.3107     0.1367          0.0428      0.5785 *
        -26   0.1652     0.2733         -0.3705      0.7010  
        -25  -0.1241     0.2558         -0.6254      0.3772  
        -24   0.2819     0.1904         -0.0914      0.6551  
        -23  -0.3392     0.1698         -0.6721     -0.0063 *
        -22   0.1022     0.0939         -0.0820      0.2863  
        -21  -0.0467     0.0974         -0.2375      0.1441  
        -20   0.1370     0.0817         -0.0232      0.2972  
        -19   0.1742     0.0945         -0.0111      0.3595  
        -18  -0.0929     0.0960         -0.2810      0.0951  
        -17  -0.3888     0.0610         -0.5083     -0.2693 *
        -16  -0.0544     0.0703         -0.1921      0.0834  
        -15   0.3067     0.0693          0.1709      0.4425 *
        -14  -0.2000     0.0745         -0.3460     -0.0539 *
        -13   0.0032     0.0771         -0.1478      0.1543  
        -12   0.1331     0.0747         -0.0133      0.2794  
        -11  -0.1343     0.0879         -0.3065      0.0379  
        -10   0.1242     0.0838         -0.0401      0.2885  
         -9  -0.0286     0.0680         -0.1619      0.1047  
         -8  -0.2164     0.0976         -0.4077     -0.0251 *
         -7   0.4168     0.1037          0.2136      0.6200 *
         -6  -0.0767     0.0632         -0.2006      0.0471  
         -5  -0.0364     0.0782         -0.1897      0.1169  
         -4  -0.1257     0.0649         -0.2530      0.0016  
         -3  -0.0295     0.0641         -0.1552      0.0962  
         -2  -0.0250     0.0750         -0.1721      0.1220  
         -1   0.0069     0.0678         -0.1260      0.1398  
          0   0.1378     0.1335         -0.1239      0.3994  
          1   0.0572     0.0857         -0.1107      0.2251  
          2   0.0183     0.0631         -0.1054      0.1420  
          3  -0.0422     0.1578         -0.3515      0.2671  
          4   0.0920     0.0620         -0.0296      0.2135  
          5   0.3053     0.0666          0.1747      0.4360 *
          6   0.3470     0.0753          0.1993      0.4946 *
          7   0.0652     0.0591         -0.0506      0.1811  
          8   0.0489     0.0759         -0.0998      0.1976  
          9   0.0057     0.0668         -0.1252      0.1366  
         10   0.0717     0.0761         -0.0775      0.2208  
         11   0.0666     0.0740         -0.0784      0.2116  
         12   0.2877     0.1533         -0.0128      0.5881  
         13  -0.0231     0.0818         -0.1834      0.1372  
         14   0.1274     0.1332         -0.1336      0.3884  
         15   0.1762     0.0689          0.0412      0.3112 *
         16   0.0641     0.0701         -0.0732      0.2015  
         17   0.1938     0.0860          0.0251      0.3624 *
         18   0.2706     0.0676          0.1380      0.4032 *
         19   0.0253     0.0683         -0.1085      0.1591  
         20   0.0608     0.0713         -0.0789      0.2006  
         21   0.0563     0.1121         -0.1634      0.2761  
         22   0.2047     0.0670          0.0735      0.3360 *
         23  -0.0174     0.0664         -0.1476      0.1127  
         24   0.1031     0.0733         -0.0405      0.2467  
         25   0.2833     0.0898          0.1073      0.4592 *
         26   0.1568     0.0760          0.0079      0.3057 *
         27   0.2575     0.0717          0.1169      0.3981 *
         28   0.2765     0.0914          0.0973      0.4557 *
         29   0.2268     0.0788          0.0723      0.3813 *
         30   0.4621     0.0870          0.2916      0.6325 *
         31   0.3261     0.0898          0.1501      0.5022 *
         32   0.2244     0.0892          0.0495      0.3993 *
         33   0.1613     0.0798          0.0050      0.3176 *
         34   0.2177     0.0942          0.0330      0.4023 *
         35   0.1298     0.1073         -0.0805      0.3401  
         36   0.4090     0.1464          0.1220      0.6960 *
         37   0.2334     0.0727          0.0910      0.3758 *
         38   0.1481     0.0876         -0.0237      0.3198  
         39   0.3789     0.0746          0.2326      0.5251 *
         40  -0.0462     0.1013         -0.2447      0.1523  
         41   0.4319     0.1418          0.1539      0.7099 *
         42   0.2616     0.0975          0.0705      0.4527 *
         43  -0.0867     0.0898         -0.2628      0.0893  
         44   0.2141     0.1979         -0.1738      0.6020  
         45   0.2604     0.1164          0.0321      0.4886 *
         46  -0.0101     0.0980         -0.2021      0.1819  
         47   0.1522     0.1389         -0.1201      0.4244  
         48   0.0498     0.0815         -0.1100      0.2096  
         49  -0.2251     0.0862         -0.3941     -0.0562 *
         50   0.4121     0.0300          0.3533      0.4710 *
         51   0.3605     0.0336          0.2947      0.4263 *
         52   0.2638     0.0323          0.2006      0.3270 *
         53  -0.1181     0.0300         -0.1770     -0.0593 *
         54   0.2945     0.0447          0.2069      0.3821 *
         55   0.1341     0.0237          0.0877      0.1804 *
         56  -0.1194     0.0354         -0.1887     -0.0501 *
         57  -0.7905     0.0280         -0.8454     -0.7357 *
         58   0.0246     0.0267         -0.0278      0.0770  
         59  -0.6532     0.0332         -0.7182     -0.5882 *
---
Signif. codes: `*' confidence band does not cover 0

Control Group:  Never Treated,  Anticipation Periods:  0
Estimation Method:  Doubly Robust